2 12 13 29 30 33 37 43 49 51 55 63 64 94 99
0 3 4 14 22 28 31 36 39 43 44 53 54 58 61 79 80 83 84 86 89 92 93
5 19 22 25 33 34 35 44 50 59 67 71 72 79 85 88 95 99
9 13 14 17 18 20 33 38 42 44 45 46 48 57 59 62 71 72 73 79 86 88 97
1 2 26 28 35 36 38 46 47 58 61 63 73 77 83 98
1 12 25 31 37 38 42 43 51 52 58 66 69 74 77 79 81 91 92 95
3 9 12 15 17 20 25 40 45 51 53 54 60 68 73 77 80 87 90 97 99
0 5 10 15 20 23 34 42 54 58 68 82 83
4 10 11 16 29 30 31 33 40 42 46 49 51 53 55 61 67 72 81 82 86 94 97 99
0 4 6 8 11 19 30 32 43 48 50 61 62 68 70 71 74 78 86 87 89 91 95
15 23 34 42 44 58 61 63 71 76 78 88 96
0 4 10 19 23 25 36 42 49 50 51 52 57 61 67 75 84 86 88 89 93 95 96
0 2 6 10 14 16 23 29 35 36 47 59 60 61 62 65 69 70 79 80 89 91 93 95
5 9 10 14 15 16 23 41 43 50 53 55 57 60 61 69 73 86 88 96 97
0 3 19 22 23 24 28 29 33 37 43 44 47 48 51 58 62 64 65 70 72 78 80 83 91 93 95
4 8 11 12 14 18 26 35 37 41 42 47 49 53 61 64 65 70 74 75 81 82 83 87 88 98
3 4 14 43 49 52 56 65 72 77 97 98
0 12 16 20 24 28 45 46 51 56 61 65 67 83 87 88 95 97 98
9 20 24 25 28 29 32 33 34 53 63 73 75 82 87 89 90 95 99
0 6 10 14 20 23 28 38 46 47 48 62 67 80 81 83 84 91
31 38 41 43 49 57 59 60 61 64 66 67 68 79 85 90 98
2 8 15 17 18 22 25 26 29 35 42 44 48 50 53 58 69 72 79 81 90 92
9 14 20 25 26 38 39 41 43 50 51 57 76 78 85 86 89 93 98 99
2 6 7 13 22 24 27 29 30 36 40 46 56 65 67 76 83 84 91
4 8 10 16 17 27 28 32 46 47 65 70 71 79 90 98 99
13 19 26 37 49 53 58 59 61 67 69 71 73 77 80 82 83 85
1 4 8 18 23 51 54 59 60 62 66 73 75 84 92
4 5 11 13 14 16 19 23 29 36 48 57 58 60 62 70 86 90 92 98
2 14 15 18 25 34 37 39 43 46 54 55 57 59 61 62 63 72 73 74 77 81 87 91 93 95 96 97
1 11 13 14 15 23 31 36 38 42 44 49 50 69 82 99
3 13 20 24 29 33 35 45 49 55 65 66 67 72 88 96 98
0 3 8 15 17 20 21 22 28 30 33 41 49 50 51 55 65 72 74 91
1 8 10 11 14 15 23 24 29 30 35 40 54 79 89 97
8 17 21 23 24 28 47 72 76 77 82 85 94 95 96
3 4 7 10 13 15 22 26 36 40 42 43 52 64 69 71 72 76 79 83 92 96
3 14 19 27 31 38 39 42 45 47 48 51 54 55 57 60 63 70 81 93 94
1 8 16 23 24 31 38 43 47 50 52 57 71 73 80 82 86 91
4 7 10 17 19 22 25 26 27 32 39 42 47 54 56 58 59 64 73 82 93 94 95 96 97 99
1 4 6 15 17 27 28 29 44 55 57 59 61 72 81 83 85 86 91 95 97
10 11 18 19 20 21 26 28 29 44 51 54 59 67 73 91 97 99
7 13 16 19 29 42 52 58 62 66 73 76 86 98
4 5 6 7 8 12 20 23 39 44 47 50 52 53 56 61 75 76 87
2 3 5 10 12 16 17 18 24 29 36 38 44 47 51 61 66 70 71 72 73 90 93 95 98 99
2 6 10 13 15 25 32 33 36 49 55 65 67 73 74 82 84 91 92 95 97
2 5 10 13 14 17 22 29 31 36 37 58 64 71 76 87 89 92 96 97 98
3 7 8 9 12 17 19 21 23 24 28 30 36 55 56 59 64 68 82 84 95 98
16 22 23 30 31 36 41 43 58 63 65 67 68 70 75 83 89 90 93
2 3 4 9 13 14 18 20 23 30 42 52 53 58 62 64 66 67 74 78 79 82 84 90 92 95 99
0 1 4 6 17 22 30 41 51 52 53 60 63 68 74 82 83 85 88
0 5 6 17 20 23 24 28 31 52 54 58 59 62 76 87 88 90 96 97
2 14 29 33 43 45 52 57 59 61 67 69 70 74 76 77 78 79 81 86 98 99
6 7 8 9 11 17 19 28 39 40 50 56 59 78 84 91 98
0 1 8 15 39 44 55 56 58 61 62 66 74 78 79 89 91 96
2 4 6 8 14 16 18 26 35 36 39 45 48 55 60 63 64 66 68 74 77 81 85 88 99
0 2 3 5 6 23 24 26 27 30 36 37 42 57 63 77 83 84 90 91 93 95 96 99
1 2 4 17 18 19 20 25 27 34 39 40 47 60 69 75 78 81 87 89 92
0 4 9 18 20 23 32 37 40 41 43 46 50 51 55 58 59 69 73 79 80 84 87 98
5 8 11 12 15 18 36 39 44 45 47 48 56 60 65 89 96
8 15 21 22 28 29 32 37 41 43 48 54 61 64 75 82 88 93
1 4 11 21 27 33 38 39 42 51 52 60 62 63 67 70 72 75 78 89 91
2 7 14 15 16 22 28 29 33 36 37 50 53 54 65 66 68 77 78 81 86 92 94
4 17 18 23 26 32 34 49 50 51 52 53 57 59 64 71 82 86 88 91 96
0 3 17 24 26 29 30 31 38 39 40 43 48 51 52 56 57 70 73 78 79 84 88
9 13 14 15 21 25 35 37 38 44 45 46 49 72 75 78 87 91 92 96
2 6 7 9 16 20 21 33 34 42 44 52 53 54 55 58 59 65 69 72 73 80 88 89 94 96
4 5 8 26 28 29 37 44 53 57 58 61 78 79 80 81 86 93
3 4 5 12 17 19 30 31 33 35 36 38 41 45 49 51 62 69 73 76 85 89 96
0 2 6 7 13 14 16 17 26 40 43 46 51 62 64 66 68 69 74 78 80 85 92 99
2 15 16 22 26 28 29 32 36 38 42 47 54 59 65 67 82 87 90 92 96
5 14 24 29 30 42 52 59 67 70 71 82 88 90 92 98
19 24 38 39 40 41 43 62 67 74 75 77 84 89 93
7 12 16 20 22 26 30 36 41 44 50 51 57 62 65 72 77 78 84 97 98
0 1 6 10 13 21 41 42 44 50 56 63 70 73 83 85 86
0 2 9 15 16 21 24 37 43 45 49 60 69 78 79 86 88 90 91 93 99
7 13 24 30 33 36 45 49 54 57 89 93 95
4 11 22 23 26 30 33 38 45 46 53 56 61 62 63 68 81 88 92 99
1 2 3 10 15 18 23 25 31 34 37 38 48 50 55 59 63 65 72
0 20 23 28 36 49 50 55 56 57 66 73 79 81 90 95 96
1 14 19 21 22 23 29 31 41 55 57 58 71 73 74 77 85 87 97 99
0 2 6 10 16 19 33 42 47 52 54 55 56 64 65 67 76 77 96 97
15 23 35 40 42 45 51 53 55 58 62 77 83 93 94 97 99
1 3 10 11 14 16 27 28 34 39 44 46 47 50 52 55 59 68 69 70 72 76 88 89 97
1 9 12 14 15 16 30 33 42 45 46 48 59 63 66 67 68 73 75 76 86 87 89 91 93 97
7 18 19 20 33 37 38 41 53 55 59 60 63 75 76 82 84 95 96
5 6 7 8 14 16 18 20 24 34 38 39 42 44 49 56 62 65 72 80 85 88 93 95
1 3 4 6 10 13 16 17 18 29 31 34 35 39 48 61 64 66 67 69 72 76 77 83 84 89 90 92 94
0 10 16 26 33 34 40 63 68 71 75 77 83 85 87 88
0 2 6 8 12 20 33 42 46 49 51 56 57 65 67 69 71 72 74 78 79 88
2 24 26 27 40 50 56 60 64 68 72 77 86 95
0 3 11 12 19 26 29 30 31 32 36 39 40 41 54 60 64 68 70 74 80 92 99
7 15 19 23 33 36 47 53 57 59 65 67 73 80 85 97 98
12 13 18 20 21 23 24 25 36 39 40 47 49 52 61 62 77 87 90 94 95
2 6 10 11 12 31 40 42 47 53 56 59 65 67 69 71 72 79 82 88 89 91 95 97 98
0 27 30 33 36 37 39 49 52 55 56 73 76 78 80 83 85 95 99
3 6 23 25 28 44 46 48 49 58 63 66 72 73 79 80 95
8 10 13 22 25 28 33 40 45 59 64 70 73 75 76 89 90 97
1 3 8 15 33 36 40 43 49 55 57 59 79 81 82 83 84 88 89 92 95
1 8 16 26 28 36 40 49 50 56 57 60 87 99
2 6 11 19 24 32 40 47 51 56 61 67 68 70 73 75 76 82 94 99
0 17 22 38 46 48 54 55 77 78 79 85 86 88 92 97
